val_loss = [0.0032, 0.0018845051876269282, 0.0014597570640034973, 0.001418498222483322, 0.0011697915033437312, 0.0010835817665793002, 0.0009249280265066773, 0.000871657591778785, 0.0009584080660715699, 0.0009534992161206902, 0.000894981378223747, 0.000890743249328807, 0.0006978535006055608, 0.0007190836768131703, 0.0008054799021920189, 0.0006925619003595784, 0.000681945524411276, 0.0006833377381553873, 0.000638274900848046, 0.0006668981921393424, 0.0007446818548487499, 0.0006475085276179016, 0.0005518146906979382, 0.0005997729283990338, 0.000631113548297435, 0.0006590792909264565, 0.0005309383966960012, 0.0005577144533162936, 0.0005418677144916728, 0.000595125908148475, 0.0006723852013237775, 0.0007024659105809405, 0.0006063431326765567, 0.0007205778878415003, 0.0006484506448032334]; 
loss = [0.0209, 0.008482481789714573, 0.0059388628482994945, 0.004746919655318223, 0.004057308246199725, 0.003541077806520656, 0.003212883006560908, 0.0028886749505577887, 0.002717784446934183, 0.002528041830016355, 0.0023787188098473837, 0.0022749746751492103, 0.0021272389528881647, 0.0020120739825235227, 0.001979501658400311, 0.001902711438497297, 0.0018145434689961551, 0.001763054415151014, 0.0017455943039695583, 0.001665063067573569, 0.0016118758102498683, 0.0015425456124330324, 0.0015201713457929531, 0.0014788018726225743, 0.0014799400761767605, 0.0014733896252544895, 0.0014535554907196505, 0.0014711550629102575, 0.0014522802105349814, 0.0014363310750320378, 0.0014445969144009142, 0.0014200366979751449, 0.0014300181670941015, 0.0014245442497769932, 0.0014246225707679327]; 
