val_loss_incep = [0.0037614726927131413, 0.003137995465658605, 0.0025494138128124176, 0.002258430700749159, 0.0021890115807764233, 0.0017884323257021605, 0.0019417789008002728, 0.0018802744918502868, 0.001972086209570989, 0.0017386806779541076, 0.0022189796960446983, 0.0018076062784530222, 0.0016625037591438741, 0.001816675567533821, 0.0016850461892317981, 0.0015942477737553417, 0.0016162614221684635, 0.0016440812672954054, 0.0017966992279980331, 0.0015361342579126359, 0.0015909098146948963, 0.0019601942505687473, 0.0016430766379926353, 0.0017761225113645195, 0.0019222976174205542, 0.0023130938061513007, 0.0017132705717813224, 0.0016937977459747344, 0.0019024664303287863, 0.0019294245983473956]
train_loss_incep = [0.02258549519764954, 0.007142978108945418, 0.0053252939933899944, 0.004393847358823594, 0.003952465053735929, 0.0037272298516369475, 0.0035381361984058155, 0.0034681583096868407, 0.0032731988432833695, 0.003220303485875387, 0.0031641309135097503, 0.003158090933647624, 0.003001899697636006, 0.0030162394654347432, 0.0029170784274027985, 0.002853527914983435, 0.002795064498046303, 0.0027513534584931326, 0.002723566159060412, 0.0027081659623041485, 0.002639339329053499, 0.002674461304989902, 0.0025630704717250464, 0.002566983844580669, 0.0026079803959055963, 0.002532910354629699, 0.0025613470691168054, 0.0025617841738634385, 0.0025797928543623604, 0.0025272600880766167]
