val_loss_mob = [0.007948512583971024, 0.006022085109725595, 0.0038263786351308226, 0.004515876597724855, 0.0033663446782156827, 0.0018978182808496058, 0.0015215137333143502, 0.0016279901145026087, 0.0016304742894135416, 0.0017841263324953616, 0.0015549478121101856, 0.0015953659312799573, 0.0014654005819465965, 0.00159118635347113, 0.0015117870236281306, 0.0017986311577260494, 0.001731763529824093, 0.0014986161957494914, 0.001530275703407824, 0.0014363886963110416, 0.001543773419689387, 0.0013667033694218845, 0.0016525076935067773, 0.0014297533256467433, 0.0014495748444460332, 0.0014406803180463611, 0.0014522106270305813, 0.001262594701256603, 0.0014695733785629272, 0.0015152977081015705]
train_loss_mob = [0.03228449299104909, 0.011615715414484048, 0.007217171906284194, 0.005439889821232181, 0.00441176165480817, 0.0035646108685876933, 0.0033584837862717528, 0.003211857276188882, 0.0030367959912083824, 0.0029630538911390608, 0.0029158086613090654, 0.002825476585463042, 0.0027607894296614597, 0.002798873947770748, 0.002705464237500478, 0.002678970766864089, 0.0026319965863801516, 0.002551763563915624, 0.002610008244660336, 0.002515248347627627, 0.0024409040916482396, 0.0024717986385321476, 0.0023800647482771936, 0.0024332396132587704, 0.0023601093855769146, 0.00232699249785658, 0.002298269735700203, 0.0023625804343158875, 0.002244395161489818, 0.002262729785257686]
