val_loss_vgg = [0.0030616894364356995, 0.0020781455212272705, 0.001648423116421327, 0.0013203001173678786, 0.00136174451909028, 0.001174950582208112, 0.0009575090487487614, 0.0011911315872566775, 0.0013698123453650623, 0.0012020482623483985, 0.001228478254051879, 0.0012132345407735556, 0.0010586901509668678, 0.0010250865190755576, 0.0010094082972500473, 0.00103990807547234, 0.0009702369192382321, 0.0011309225810691714, 0.00102000588667579, 0.0010185612773057073, 0.0011604500119574367, 0.0011904657148988917, 0.0010274554340867325, 0.0009723308117827401, 0.0010831227322341875, 0.0009793432109290734, 0.0011193629790795967, 0.0013149364269338549, 0.0013114842033246533, 0.0011304008308798074]
train_loss_vgg = [0.01739525512679199, 0.005219669652739044, 0.0036407688102194453, 0.0024816118355374785, 0.0022318174330291708, 0.002206121745089499, 0.0020532635489365738, 0.0020266345562275564, 0.002006082720097055, 0.0018988121731465782, 0.0018922383865663925, 0.0017660004882411977, 0.0018036907768502457, 0.0017254654585022876, 0.0017239530265645384, 0.0016864687123076892, 0.00162580370404978, 0.0016240291567808623, 0.0015782444144064594, 0.0015404394817105963, 0.0015779693418088749, 0.0014925995137619638, 0.001482466489132411, 0.0014788223028054858, 0.0014645004390805034, 0.0013902333057375306, 0.0013615876365454384, 0.0013961538001509195, 0.0013667810801278866, 0.0013484499738420795]
