val_loss_xcep =  [0.015474047511816025, 0.009002899751067162, 0.007526603993028402, 0.006057375110685825, 0.004785627126693726, 0.004237871617078781, 0.0055161104537546635, 0.005251345690339804, 0.004319449886679649, 0.004025342874228954, 0.003977387212216854, 0.004145990125834942, 0.003487005829811096, 0.0038192099891602993, 0.004320012405514717, 0.003716591279953718, 0.006335269659757614, 0.0032277724239975214, 0.002704669488593936, 0.004906752612441778, 0.0030011094640940428, 0.004483478143811226, 0.005421902053058147, 0.0030173647683113813, 0.0035324818454682827, 0.002746572718024254, 0.004791594110429287, 0.0022585198748856783, 0.0029206511098891497, 0.0030524658504873514]
train_loss_xcep =  [0.03336395035062492, 0.016125249117130647, 0.010602362042626354, 0.008153470830520692, 0.006439389355071495, 0.00539585525299472, 0.004801637345970437, 0.004192124945993299, 0.0037842458172752274, 0.003469473674077783, 0.003127220969339943, 0.002971786888644854, 0.0028343849623067435, 0.002776914312209405, 0.002711523685861963, 0.0026415001889608094, 0.0025615521988379577, 0.0024623141048328687, 0.002381985534165749, 0.002362420372186179, 0.0022626864430153625, 0.00221039486929124, 0.0021487908178324587, 0.002144196928053758, 0.002162009799272957, 0.0021187213835455946, 0.0021555388258227984, 0.0021291241174964675, 0.002159366050134785, 0.002077927175034788]
